7
62
92
13
12
64
4
74
64
89
35
28
52
54
98
93
64
92
88
76
26
28
59
16
11
92
13
9
91
91
97
82
6
12
4
70
30
66
60
63
60
93
11
94
33
73
45
63
31
37
49
12
95
77
61
49
28
4
7
66
71
67
77
0
52
10
24
87
86
20
27
51
87
3
36
33
71
72
74
82
62
50
87
47
47
62
17
72
91
16
95
28
17
59
17
80
92
0
18
99
19
90
98
87
88
51
23
86
51
3
79
85
75
32
49
89
52
43
82
46
7
56
77
88
53
39
62
41
0
12
50
70
53
15
82
4
63
5
13
41
39
89
45
77
8
35
81
0
62
79
83
49
22
95
36
73
37
34
7
51
11
6
29
37
13
44
31
11
0
29
9
85
40
36
72
13
3
55
53
54
78
85
72
78
64
20
60
68
86
93
59
76
66
19
95
14
88
94
40
22
16
10
90
51
1
11
53
39
15
70
69
2
14
44
4
49
25
77
68
66
79
81
32
85
11
35
79
20
62
98
91
37
57
57
86
25
53
8
76
15
95
34
36
29
16
18
28
3
52
9
71
20
54
75
40
92
82
79
11
23
24
6
30
67
81
77
21
35
34
87
77
59
67
2
23
59
42
66
8
1
81
64
35
67
36
57
86
42
48
60
24
73
37
11
13
59
56
9
82
73
58
88
30
33
59
89
25
14
32
9
45
81
37
61
21
10
58
90
73
68
48
14
17
92
23
19
52
12
49
45
19
89
56
38
53
94
24
83
78
93
73
71
31
54
75
71
39
87
69
8
63
64
93
87
76
43
67
67
62
60
88
35
54
53
10
53
17
50
34
8
21
73
85
51
95
34
3
98
66
62
62
55
87
58
22
15
78
69
51
76
8
32
19
28
21
90
4
23
58
53
48
97
45
47
44
79
32
29
86
23
87
53
57
34
69
1
64
75
86
94
20
10
21
83
66
57
59
11
75
52
12
3
69
55
55
12
52
23
91
62
92
82
74
14
24
75
38
63
18
58
44
75
63
21
86
32
81
21
99
49
56
56
49
9
43
74
41
0
70
99
62
15
79
94
10
24
33
93
0
41
54
19
78
96
16
4
95
24
60
76
44
36
67
79
65
92
4
21
99
14
69
71
29
3
7
35
5
30
40
71
2
53
29
9
35
14
58
47
21
85
7
43
34
30
23
90
19
78
24
33
18
80
73
4
56
58
97
6
58
75
88
19
97
43
22
9
93
98
77
82
35
56
82
66
39
67
90
14
84
66
45
68
9
78
5
41
57
86
34
24
32
7
99
44
36
24
47
62
71
87
4
55
12
6
92
58
53
74
44
43
84
77
32
61
7
23
97
7
97
62
6
55
30
93
86
51
33
92
39
72
90
16
70
96
74
72
43
55
36
26
80
42
82
13
92
95
12
90
13
78
31
84
92
82
0
0
49
93
12
12
53
85
77
12
99
55
23
14
83
47
42
66
14
42
24
24
70
91
37
0
14
34
86
89
72
10
90
52
69
23
24
64
7
25
87
84
91
19
76
31
37
72
79
91
68
89
81
74
75
67
43
11
46
87
94
42
71
42
28
37
79
18
64
14
85
3
45
21
18
81
79
44
84
94
56
7
37
13
32
11
13
45
64
13
72
6
11
7
75
34
76
7
71
25
29
44
22
76
12
84
52
21
92
89
93
25
28
37
69
26
25
42
91
44
74
88
10
77
32
81
25
76
29
2
59
90
9
24
86
73
14
80
54
39
31
93
76
77
11
14
42
58
93
82
41
2
94
95
14
49
16
53
2
70
71
95
29
53
50
99
80
51
59
88
63
78
75
91
58
85
13
26
93
30
40
96
15
12
5
63
51
68
65
67
66
80
32
4
38
50
92
74
73
38
72
40
89
27
82
0
6
26
16
75
13
16
78
87
77
69
75
39
75
45
49
60
82
88
97
95
18
84
59
44
48
1
60
38
18
93
81
78
78
38
69
89
90
52
30
97
78
18
76
86
10
32
64
11
54
98
65
45
46
23
39
84
74
77
16
38
16
8
2
8
30
13
59
68
6
16
25
26
24
4
62
33
54
77
66
86
78
67
89
59
59
28
73
73
76
6
78
44
32
64
46
29
82
27
59
41
81
85
96
34
0
4
48
90
89
1
63
28
99
38
60
86
2
76
99
59
65
64
83
97
18
98
99
41
73
62
95
13
0
16
56
78
39
35
53
48
44
79
46
7
39
92
41
17
2
83
70
80
28
83
22
2
73
78
24
21
1
22
66
31
84
62
96
87
95
2
25
5
78
22
86
32
65
98
35
9
72
23
18
74
7
3
4
5
35
30
39
55
36
58
88
58
31
97
94
99
72
55
63
43
97
8
87
30
14
64
44
6
7
89
38
6
72
97
24
88
56
40
52
6
62
22
58
1
69
60
63
47
58
37
2
70
45
85
30
61
98
32
86
73
94
54
2
84
57
72
10
45
76
56
76
38
56
56
9
82
36
88
76
41
70
52
82
8
98
87
89
84
20
18
65
22
6
13
18
30
65
10
59
73
64
28
27
89
75
78
62
35
90
83
83
27
21
23
30
58
11
24
61
39
26
3
94
33
96
81
16
78
1
14
6
24
51
99
4
80
66
14
38
23
94
62
32
5
22
57
73
6
20
54
98
4
33
64
89
97
35
30
89
17
76
89
69
16
60
44
46
95
64
11
94
68
1
88
64
64
70
86
0
61
61
93
37
31
75
84
59
72
74
6
58
75
43
26
55
35
47
30
37
5
47
74
49
8
78
33
84
67
82
91
26
85
8
42
40
97
93
48
6
61
24
36
19
41
7
49
88
44
72
51
24
96
18
35
44
46
32
40
33
11
38
7
43
63
31
34
29
2
90
78
39
96
96
64
46
70
75
58
67
1
84
51
70
69
98
75
51
42
67
71
67
38
97
46
3
91
9
39
36
86
23
43
25
81
55
34
15
24
76
83
11
41
27
2
74
48
12
73
30
63
98
81
9
47
26
44
71
44
3
16
0
5
88
65
97
17
16
36
57
72
6
80
72
35
56
71
40
7
7
5
65
21
34
46
6
81
49
8
61
32
44
63
97
54
62
20
28
79
67
49
33
17
18
11
75
46
95
51
76
57
34
67
13
4
66
22
9
87
30
87
88
4
96
99
11
76
94
30
62
52
27
41
18
94
51
69
9
0
68
13
64
92
66
23
58
68
37
36
59
43
54
86
84
4
86
79
64
94
17
9
66
7
73
40
44
31
12
72
8
75
98
83
67
56
76
47
65
25
98
59
79
98
37
24
9
86
95
86
87
66
79
66
20
37
38
18
55
54
98
29
42
52
74
22
30
54
61
42
17
53
6
69
78
27
26
30
96
71
31
26
9
46
8
17
53
67
26
22
98
95
42
28
12
88
50
85
84
0
52
3
28
12
53
16
35
31
41
62
80
7
89
54
7
57
47
25
70
89
74
39
12
10
31
29
79
37
18
6
28
47
35
53
63
43
64
63
37
17
98
91
25
13
45
93
79
28
18
86
81
70
42
3
40
24
12
2
96
90
1
11
3
90
31
49
92
1
29
24
75
46
87
73
56
52
73
43
16
46
77
73
1
41
82
7
75
85
35
15
95
47
0
43
56
76
69
69
15
75
33
80
64
84
49
0
77
87
83
94
85
10
98
80
66
92
10
26
63
61
47
87
54
94
35
9
14
42
34
52
43
25
49
38
76
67
49
99
66
9
17
77
96
54
94
18
80
50
20
65
34
24
40
43
28
50
74
9
7
73
24
88
60
79
92
93
69
90
21
41
57
53
8
92
55
23
14
40
62
9
96
91
33
20
41
23
33
56
35
47
27
3
67
9
10
12
35
66
74
41
49
40
70
94
25
11
64
27
39
48
11
57
36
85
44
15
26
16
87
12
64
53
31
65
84
60
85
6
35
23
45
65
38
57
12
14
83
1
24
5
22
87
35
55
68
32
30
13
44
93
77
48
40
54
12
58
51
91
77
59
74
15
35
51
8
2
91
51
55
55
54
63
62
69
19
58
40
3
91
83
5
21
67
42
71
4
83
20
28
39
80
56
84
51
56
51
38
82
97
82
43
29
75
95
8
75
20
28
52
98
0
28
62
79
80
76
59
80
3
9
10
66
49
21
90
76
3
84
71
85
50
77
6
79
39
74
6
90
22
29
88
98
21
88
92
64
3
0
0
4
34
52
17
20
65
52
69
53
51
98
84
31
22
9
59
35
49
39
25
84
31
19
47
47
38
67
58
79
63
73
55
23
61
69
94
35
81
82
57
41
45
72
2
4
61
24
41
72
19
96
26
15
90
12
82
46
21
27
57
28
30
0
10
47
12
83
35
15
81
28
91
31
29
63
88
22
35
33
21
59
92
24
84
3
29
58
31
54
41
39
47
55
75
18
86
9
33
17
76
82
40
8
40
35
31
99
13
27
75
15
0
67
82
12
60
90
17
67
93
6
19
49
0
15
45
91
10
97
41
57
44
20
8
4
90
60
52
88
74
40
60
33
12
43
41
58
25
87
77
61
49
59
98
49
48
39
10
93
28
73
29
6
73
92
50
53
23
26
31
34
6
71
98
65
88
85
46
95
93
15
97
91
24
19
5
59
53
68
43
53
25
91
9
39
22
61
54
53
62
87
72
33
81
69
40
52
89
96
13
85
26
63
37
71
32
54
71
83
91
85
6
12
84
27
79
94
83
43
6
5
38
23
43
82
90
38
67
49
38
98
95
37
32
89
75
82
82
40
33
13
33
69
30
65
18
40
89
33
67
84
12
51
91
6
59
14
14
67
65
24
71
29
79
98
48
92
63
96
36
37
41
35
41
56
55
15
11
92
37
86
73
35
13
82
34
77
52
66
76
26
81
50
59
71
8
16
74
22
38
7
69
95
98
46
97
15
38
73
78
1
59
98
48
89
90
31
18
3
16
71
96
72
20
83
80
73
94
31
20
70
30
20
57
98
43
85
33
66
40
33
12
63
85
23
46
54
39
33
42
0
43
55
0
24
15
61
21
42
34
16
47
61
45
41
25
80
2
90
9
17
5
28
53
21
11
13
34
49
94
60
83
81
98
89
39
14
4
73
1
43
20
81
41
27
13
43
65
25
38
88
43
89
68
58
70
52
11
74
45
69
94
19
15
42
69
21
69
16
31
42
86
4
3
53
24
27
13
74
77
83
31
82
11
21
84
99
23
64
11
89
24
3
58
39
87
95
52
30
92
18
56
55
13
33
74
94
66
71
37
41
39
79
71
38
75
99
68
27
72
81
19
42
18
55
15
63
55
36
61
23
93
61
20
48
78
70
27
79
91
33
14
15
3
36
84
80
82
5
52
41
50
82
1
59
25
98
37
60
5
58
6
30
63
94
41
65
88
98
10
22
82
30
52
34
64
75
94
23
65
56
43
68
33
7
32
37
54
24
32
95
54
96
22
22
78
41
39
78
15
71
74
21
82
37
56
44
16
51
74
95
50
0
92
95
67
16
50
52
0
9
46
80
86
36
63
49
3
80
58
77
30
17
91
16
40
14
31
83
65
48
42
72
97
50
2
33
49
61
17
51
62
97
44
81
92
72
66
55
13
39
6
4
35
32
21
73
11
27
94
49
27
12
38
7
43
58
47
36
6
26
91
33
14
38
8
67
49
33
97
9
66
97
74
25
93
73
22
69
43
8
50
45
64
64
45
64
26
25
92
77
49
31
83
85
25
94
82
81
5
40
12
20
23
17
39
36
40
43
64
73
84
14
42
28
13
90
50
68
4
44
9
19
80
67
22
25
20
92
2
12
56
26
25
41
68
70
83
2
74
23
61
59
55
63
12
80
82
54
3
65
16
70
86
96
21
46
25
51
40
44
3
31
1
35
60
7
40
60
93
34
82
62
0
73
8
84
41
40
28
15
35
32
40
30
68
86
5
82
1
28
82
5
35
32
92
56
53
79
83
81
43
3
27
93
59
48
39
51
94
96
52
14
67
61
14
70
17
65
96
89
75
25
28
24
93
87
96
55
1
85
69
54
85
77
52
9
20
0
41
11
38
88
82
54
43
30
33
40
97
16
90
88
29
36
28
11
26
99
0
51
91
50
72
49
85
93
65
66
56
94
90
70
43
69
59
43
3
66
0
88
84
68
88
8
67
18
30
19
40
63
98
35
60
10
24
27
14
78
20
56
24
25
27
97
36
35
16
40
43
10
88
50
8
64
36
35
80
17
17
64
48
15
1
67
83
45
71
14
45
61
31
31
90
60
11
46
35
77
47
8
50
10
42
23
42
8
19
61
79
85
81
62
54
49
4
7
96
29
67
83
27
30
27
50
78
10
3
4
58
55
74
34
80
26
87
40
60
40
8
67
54
3
76
92
34
8
52
32
15
14
50
63
82
49
53
63
59
80
93
17
61
17
0
18
15
65
86
89
57
42
74
22
92
64
90
63
34
74
86
88
34
28
82
16
24
11
72
27
66
88
62
24
46
18
67
67
87
98
6
32
24
95
21
88
2
26
81
12
53
42
64
93
0
71
47
44
91
55
71
62
33
78
18
29
14
86
85
75
38
80
52
22
11
26
19
82
88
56
50
63
69
20
0
22
32
68
18
36
50
83
46
44
15
88
13
81
70
71
79
49
57
88
94
26
17
26
20
76
49
39
33
15
59
99
72
75
15
31
0
24
56
97
95
75
36
73
64
49
57
54
97
52
71
21
92
5
67
54
51
28
65
63
98
15
17
46
22
2
7
49
7
84
97
20
13
32
9
40
68
52
78
6
86
25
33
41
59
86
51
66
10
74
92
64
8
73
36
45
0
53
55
60
45
75
94
73
98
58
23
52
53
15
68
38
52
57
19
45
87
39
18
25
74
58
19
82
58
99
90
86
58
75
24
33
37
43
5
58
5
35
45
72
37
91
81
41
7
76
16
83
50
36
43
35
54
79
90
49
72
45
31
95
22
33
76
91
38
80
31
99
48
13
17
87
55
58
31
49
75
1
34
12
33
44
30
27
3
58
73
83
71
98
39
82
92
81
87
26
58
6
52
0
11
36
18
1
55
23
23
72
44
15
84
62
66
68
57
98
39
76
15
56
13
2
75
94
86
56
20
82
94
91
4
8
81
84
44
49
95
27
19
77
88
25
74
78
54
13
79
96
65
21
49
96
64
51
31
70
9
80
30
46
9
67
73
69
81
41
31
29
14
72
56
44
39
63
54
94
68
79
75
72
47
7
87
0
87
68
9
13
91
95
15
88
1
42
36
48
9
95
8
34
89
79
13
11
27
94
0
50
94
51
46
39
74
44
7
69
77
48
93
75
46
43
83
51
81
85
69
61
36
14
99
25
54
54
2
7
59
64
12
92
1
2
89
23
51
55
73
98
19
68
28
86
93
51
60
23
15
95
52
35
53
99
28
35
35
63
21
63
83
64
34
13
80
84
10
15
47
24
94
9
36
84
7
56
63
85
56
70
97
97
9
50
55
48
88
14
6
45
23
16
91
61
56
0
72
3
43
80
99
30
86
35
46
25
88
58
96
69
48
26
56
18
81
42
76
11
26
63
84
69
26
19
28
58
74
71
55
87
47
90
76
75
42
40
73
55
28
14
0
45
41
84
11
67
89
57
91
15
19
35
65
34
16
45
12
38
34
74
68
48
16
64
4
68
21
48
6
32
27
61
57
67
96
94
76
67
19
73
21
44
29
12
95
55
75
0
98
5
77
68
41
61
33
22
34
22
93
43
75
86
47
37
6
11
69
20
45
86
30
29
91
74
89
3
47
40
21
35
72
92
88
37
88
21
67
62
43
8
13
58
54
21
18
24
26
85
12
32
10
96
92
37
14
68
43
54
47
50
99
40
73
98
27
53
24
17
27
88
25
97
63
56
53
19
51
62
44
83
67
5
81
86
98
51
76
59
62
19
57
45
16
16
39
99
72
31
17
33
28
3
11
98
85
18
24
4
40
17
42
72
51
57
31
37
58
13
98
90
19
40
33
46
74
26
14
17
4
51
15
60
67
50
58
51
49
1
21
31
25
55
44
81
76
46
49
82
84
48
66
21
13
70
60
34
78
19
43
70
47
1
14
24
43
19
50
82
56
68
46
50
35
12
77
61
30
95
76
26
51
30
21
40
73
17
52
90
6
36
45
35
94
9
23
75
39
76
30
47
42
80
49
15
74
58
81
54
70
95
14
46
58
41
14
34
66
45
30
16
5
79
67
46
26
42
46
49
80
66
34
15
91
0
88
74
5
55
70
28
80
55
28
27
40
23
70
63
23
69
99
70
33
59
63
48
12
72
50
43
33
34
37
28
77
79
85
34
79
40
30
27
70
96
87
55
95
61
48
54
82
29
71
23
12
57
24
50
1
93
66
55
82
13
79
41
81
15
47
1
81
1
86
27
4
3
49
21
56
74
19
23
73
6
40
86
4
16
89
80
29
4
30
17
41
30
16
93
98
34
66
1
47
15
11
79
10
39
79
18
18
43
59
59
90
37
80
84
65
77
55
56
16
60
45
14
99
76
73
63
80
60
85
85
35
37
91
53
28
11
6
72
4
86
8
18
73
21
6
80
4
94
51
24
32
85
58
96
76
35
2
42
89
44
90
89
50
21
58
83
1
0
93
71
41
82
10
30
28
32
43
89
57
99
18
64
20
14
49
56
77
14
74
8
84
7
83
70
99
7
14
87
96
45
63
54
49
89
45
17
20
52
26
10
88
75
54
7
0
84
4
42
93
55
3
94
58
35
11
17
65
81
47
97
3
54
42
79
24
42
92
52
76
22
41
30
11
30
79
8
74
94
28
23
94
80
12
31
45
75
94
48
96
24
8
41
36
37
42
5
37
86
35
5
22
89
52
5
92
81
59
23
62
27
94
58
49
35
9
8
42
3
55
75
35
56
63
3
22
98
18
17
73
21
62
86
90
26
83
53
21
99
83
69
73
26
22
52
85
71
50
61
11
40
46
17
16
56
45
74
28
59
90
78
44
24
23
80
69
78
64
3
82
15
96
46
44
25
42
4
16
61
0
7
3
25
60
10
70
25
31
57
98
45
18
62
14
18
69
36
85
91
44
28
63
9
54
73
81
14
70
57
17
58
0
89
21
60
52
3
21
41
19
79
76
80
72
6
77
9
25
0
20
64
41
73
75
84
73
81
53
68
44
49
12
38
85
70
3
94
60
63
34
30
12
63
25
11
76
28
49
2
72
84
76
5
44
94
45
23
7
54
23
48
19
57
2
47
48
80
3
9
73
80
70
63
43
59
3
25
84
31
32
16
37
69
25
95
17
99
66
13
91
39
93
34
48
36
43
88
68
22
40
2
91
21
78
21
35
59
64
90
62
68
88
46
23
65
60
23
82
1
66
16
21
41
9
65
70
53
49
81
33
56
88
42
14
95
27
19
37
29
68
12
31
16
44
76
93
36
47
76
95
83
25
52
27
70
56
12
30
44
90
89
93
74
15
57
43
57
5
13
72
31
39
33
15
39
1
94
79
63
75
80
46
74
56
70
38
13
77
67
43
36
1
63
97
91
24
99
78
62
17
31
72
13
35
88
17
53
95
92
93
72
51
58
2
5
12
99
54
71
5
52
30
86
78
33
73
6
64
35
80
27
2
23
77
66
95
39
49
54
19
29
3
88
38
91
63
90
16
67
50
67
86
64
38
41
29
1
58
45
95
74
6
3
49
21
83
15
97
77
5
99
49
78
76
43
15
26
64
76
25
8
45
86
3
87
68
48
66
21
70
74
8
82
96
15
34
48
18
8
17
54
48
91
80
4
98
65
64
37
99
18
37
82
42
90
62
15
7
48
61
42
20
13
28
18
21
56
65
70
90
13
56
37
3
89
7
95
85
43
98
2
2
88
76
28
57
66
8
92
73
71
50
87
54
66
86
73
90
24
78
36
47
72
55
68
45
42
91
86
48
14
52
92
39
54
33
31
89
88
28
29
20
65
96
81
41
64
5
92
81
85
3
34
6
55
95
8
91
97
80
33
34
8
10
10
67
18
53
41
58
6
0
70
27
15
53
38
31
97
37
83
68
36
53
95
26
83
33
60
84
57
44
21
60
59
48
11
87
44
48
86
0
97
37
25
49
82
75
83
43
9
7
14
30
31
0
63
99
44
98
86
76
45
92
9
22
29
71
23
74
76
35
39
3
18
91
89
64
46
56
4
19
36
51
32
66
87
47
56
75
17
96
16
41
67
29
88
24
15
65
77
60
34
42
72
67
92
80
52
29
57
53
9
37
19
17
46
77
26
16
75
12
82
9
66
96
89
73
87
6
51
82
36
48
40
78
50
92
58
13
23
3
92
51
13
61
86
38
70
59
51
36
12
82
16
20
60
65
5
88
49
77
10
88
42
24
26
65
76
91
95
27
19
74
16
98
91
49
99
15
0
80
14
12
78
61
3
76
59
80
85
69
53
36
57
21
99
7
86
73
2
62
54
59
89
35
70
89
51
72
84
79
97
19
96
13
36
3
9
27
60
42
57
59
78
44
89
14
79
5
16
21
69
4
46
24
65
86
92
47
47
81
32
9
38
90
36
89
57
87
44
61
43
73
13
47
25
83
22
42
77
40
70
32
85
32
1
76
69
44
6
31
56
39
79
71
58
61
94
2
10
3
21
20
77
43
15
33
64
62
67
69
80
23
91
9
16
63
8
52
57
75
94
81
93
47
9
54
28
59
95
64
34
42
51
37
56
91
4
92
58
20
3
28
35
83
9
66
34
83
68
23
27
40
20
84
59
10
7
25
39
28
62
92
5
10
68
1
71
12
39
36
5
52
51
89
33
51
40
56
54
10
65
32
67
43
51
99
86
7
10
90
45
45
40
45
19
15
88
92
96
67
0
81
43
26
3
21
64
40
0
45
31
11
30
60
26
71
56
34
81
85
17
38
52
60
12
21
47
1
77
16
37
80
69
3
93
0
17
56
53
72
48
76
65
90
31
37
94
81
99
76
71
90
78
22
88
17
28
86
5
79
1
38
22
88
40
99
26
3
47
99
41
99
45
62
97
74
55
76
45
44
79
51
28
22
82
98
87
35
1
69
32
98
38
36
26
16
7
17
0
45
50
43
87
16
74
6
54
39
78
77
37
18
38
91
23
85
81
54
10
47
32
74
13
10
34
52
80
66
91
51
5
32
25
64
74
17
99
10
14
75
63
25
25
36
71
65
7
5
9
86
91
8
63
17
87
16
99
76
87
94
57
75
1
11
15
62
62
75
67
41
57
57
73
81
30
76
96
64
77
86
89
17
16
