20
31
26
63
62
64
79
65
18
39
68
23
93
63
13
25
2
57
29
66
65
69
87
52
73
72
28
25
39
25
46
83
10
6
50
97
46
72
65
29
14
4
51
22
88
33
9
1
67
59
2
76
31
62
92
8
69
36
16
39
0
55
11
63
22
63
98
72
74
19
10
45
79
4
98
21
33
61
49
51
29
29
68
14
75
45
89
84
92
6
14
91
12
72
10
11
83
84
89
75
79
50
85
14
65
13
85
58
40
23
85
86
93
11
33
52
90
86
89
45
85
95
34
95
80
34
38
49
87
40
65
77
76
49
66
85
42
28
42
41
91
55
43
81
6
41
97
4
85
5
27
10
21
83
19
48
93
33
94
83
23
16
65
6
89
55
43
22
1
37
13
3
45
32
51
59
6
65
32
39
95
10
42
65
24
67
2
31
44
61
81
55
75
8
76
72
62
91
45
72
84
55
99
60
68
94
64
3
59
29
46
16
82
77
97
48
55
87
21
76
19
34
66
38
25
15
37
22
81
88
37
73
85
83
61
45
92
63
40
34
96
72
84
69
95
4
1
3
40
79
78
76
90
24
6
45
95
59
55
34
75
63
42
18
74
66
83
5
6
96
86
16
33
93
28
6
4
70
88
82
28
13
20
45
31
49
40
26
5
28
16
56
89
59
1
69
51
51
49
51
7
85
52
18
69
55
19
21
3
9
37
3
63
19
88
92
63
19
74
11
1
78
52
49
84
62
62
85
26
14
61
77
43
95
60
47
24
27
11
56
83
48
21
45
71
15
79
7
24
89
90
22
25
77
94
25
3
82
81
11
26
16
37
15
19
38
50
18
11
67
94
30
40
55
14
29
66
66
75
15
28
27
79
52
29
2
82
10
93
28
20
1
80
80
63
30
94
94
78
76
43
89
4
32
29
81
74
90
73
27
18
89
16
73
29
95
76
9
37
31
0
80
72
61
84
1
75
93
19
21
0
0
26
88
45
49
40
17
9
58
79
23
70
66
28
88
87
84
92
47
76
59
48
4
22
63
67
43
64
67
23
23
21
67
19
21
44
4
21
58
27
2
48
54
17
14
29
29
13
50
43
39
67
73
90
2
42
63
32
47
38
79
71
68
67
15
73
80
95
75
66
66
11
89
90
68
52
31
54
72
55
42
59
55
89
99
86
7
12
55
46
0
6
10
10
34
27
50
45
27
53
83
26
3
8
83
54
0
74
89
16
21
39
82
44
54
97
12
58
8
86
18
9
59
60
58
17
31
53
59
17
7
5
98
10
50
74
14
84
65
41
28
91
76
29
81
33
7
61
38
20
71
74
48
42
30
34
81
19
40
25
6
27
28
20
18
68
36
86
75
52
10
16
53
56
34
61
28
93
55
1
53
14
80
76
86
85
72
62
40
85
82
89
60
22
31
67
15
88
11
38
9
40
88
62
2
27
66
8
57
93
88
38
33
16
33
72
43
90
12
26
39
56
68
42
67
43
99
49
4
85
37
25
3
13
20
30
69
73
40
16
36
51
90
80
71
59
89
40
34
33
81
0
30
32
6
41
99
39
26
32
36
34
56
73
26
79
79
74
34
42
40
66
49
58
22
65
60
12
55
27
3
6
71
42
8
46
58
66
2
40
74
56
76
22
29
36
89
24
13
75
97
48
63
6
51
20
51
66
38
15
43
29
25
22
68
43
72
82
91
99
18
68
66
1
41
14
38
17
96
93
88
66
10
0
98
43
44
53
50
54
81
20
47
15
48
74
96
75
21
52
26
9
19
69
12
41
89
82
50
81
28
63
66
4
9
24
44
31
97
44
80
21
85
60
93
43
81
82
80
50
57
44
98
9
10
12
5
79
10
82
26
56
67
4
95
72
71
52
69
66
29
45
14
19
97
99
53
67
64
46
6
80
92
45
71
67
52
82
70
29
66
50
66
67
7
35
16
68
75
34
55
97
10
52
71
25
15
98
91
13
83
52
59
90
19
54
12
33
16
27
29
74
5
67
23
14
97
65
61
38
10
9
25
78
47
42
2
59
9
48
2
20
50
63
19
4
78
85
37
65
77
90
21
91
58
59
54
55
23
24
59
91
82
46
38
42
47
50
38
29
22
80
40
12
99
53
39
23
25
16
41
76
74
64
39
26
52
88
73
83
63
23
66
94
50
34
24
50
34
50
60
31
4
99
47
27
69
82
18
99
70
91
66
9
15
21
30
27
42
48
26
12
60
34
89
1
14
95
30
77
44
82
54
82
71
55
97
54
22
